../Test/BildeKrarup/B/B1.1.opt,23468, 23468, 0.010527, 24922, 0.085313, 23932, 0.074601, 24922, 0.010107,23932, 0.011409
../Test/BildeKrarup/B/B1.10.opt,21864, 22515, 0.01197, 22602, 0.07304, 21864, 0.07788, 24400, 0.010435,21864, 0.011035
../Test/BildeKrarup/B/B1.2.opt,22119, 22364, 0.010165, 23459, 0.069454, 22119, 0.078265, 23459, 0.010871,22119, 0.011231
../Test/BildeKrarup/B/B1.3.opt,23549, 25702, 0.012042, 24787, 0.090272, 23549, 0.070656, 24787, 0.01045,23549, 0.008473
../Test/BildeKrarup/B/B1.4.opt,20747, 21641, 0.010742, 22854, 0.075272, 20747, 0.069228, 22854, 0.011577,20747, 0.010556
../Test/BildeKrarup/B/B1.5.opt,23976, 24198, 0.011133, 24928, 0.087476, 24200, 0.075311, 24928, 0.009759,24200, 0.011161
../Test/BildeKrarup/B/B1.6.opt,21014, 21512, 0.010679, 21755, 0.088695, 21014, 0.087167, 21755, 0.009524,21014, 0.012008
../Test/BildeKrarup/B/B1.7.opt,22103, 23204, 0.014512, 23360, 0.085421, 22293, 0.078531, 23360, 0.011429,22339, 0.013175
../Test/BildeKrarup/B/B1.8.opt,20338, 20338, 0.010019, 20922, 0.077536, 20340, 0.08178, 20922, 0.010256,20510, 0.010125
../Test/BildeKrarup/B/B1.9.opt,25038, 25132, 0.009609, 27211, 0.096295, 25132, 0.072174, 27211, 0.010063,25132, 0.011875
../Test/BildeKrarup/C/C1.1.opt,16781, 17268, 0.013597, 17380, 0.070879, 17874, 0.06605, 17380, 0.010315,17874, 0.015404
../Test/BildeKrarup/C/C1.10.opt,17994, 18238, 0.012422, 19414, 0.078803, 18242, 0.06067, 18381, 0.011963,17994, 0.013344
../Test/BildeKrarup/C/C1.2.opt,15842, 16831, 0.012754, 17631, 0.074493, 16249, 0.056685, 17515, 0.012896,16249, 0.011208
../Test/BildeKrarup/C/C1.3.opt,17668, 18843, 0.014569, 18168, 0.069177, 17668, 0.05614, 18168, 0.015058,17668, 0.014609
../Test/BildeKrarup/C/C1.4.opt,16799, 19261, 0.012809, 17012, 0.077298, 16836, 0.064732, 17012, 0.013028,16836, 0.014725
../Test/BildeKrarup/C/C1.5.opt,17491, 18254, 0.014984, 18620, 0.07127, 17610, 0.058433, 18620, 0.013989,17610, 0.015344
../Test/BildeKrarup/C/C1.6.opt,17911, 18412, 0.011735, 19313, 0.059014, 18358, 0.063907, 19313, 0.014473,18358, 0.014114
../Test/BildeKrarup/C/C1.7.opt,17268, 17921, 0.013747, 18357, 0.068281, 17436, 0.061474, 18831, 0.01326,17436, 0.014008
../Test/BildeKrarup/C/C1.8.opt,17677, 17677, 0.014145, 18833, 0.065922, 17925, 0.06056, 18833, 0.013325,18087, 0.015461
../Test/BildeKrarup/C/C1.9.opt,17565, 18817, 0.01231, 18690, 0.071556, 17788, 0.058243, 18690, 0.013205,17788, 0.014161
../Test/BildeKrarup/Dq/10/D10.1.opt,40980, 40996, 0.001741, 43619, 0.025559, 40996, 0.022055, 43619, 0.003227,40996, 0.004229
../Test/BildeKrarup/Dq/10/D10.10.opt,40809, 40809, 0.001686, 44979, 0.025205, 40809, 0.020851, 49763, 0.00342,48683, 0.003925
../Test/BildeKrarup/Dq/10/D10.2.opt,40995, 40995, 0.001593, 45476, 0.028904, 40995, 0.025487, 45476, 0.003369,40995, 0.004561
../Test/BildeKrarup/Dq/10/D10.3.opt,37698, 37698, 0.001566, 43342, 0.026296, 37698, 0.020312, 43342, 0.003383,37698, 0.003928
../Test/BildeKrarup/Dq/10/D10.4.opt,40783, 40783, 0.001607, 46166, 0.02741, 40783, 0.02263, 46166, 0.003209,40783, 0.004211
../Test/BildeKrarup/Dq/10/D10.5.opt,39898, 40635, 0.001721, 44817, 0.027032, 40635, 0.023335, 44817, 0.003334,40635, 0.004186
../Test/BildeKrarup/Dq/10/D10.6.opt,40908, 40908, 0.001866, 44911, 0.02667, 40908, 0.020425, 44911, 0.003516,44846, 0.004244
../Test/BildeKrarup/Dq/10/D10.7.opt,41372, 41372, 0.001688, 45997, 0.028929, 41372, 0.024805, 45997, 0.003409,41372, 0.004273
../Test/BildeKrarup/Dq/10/D10.8.opt,41595, 43828, 0.001607, 46986, 0.026611, 41595, 0.020991, 46986, 0.003175,41595, 0.004171
../Test/BildeKrarup/Dq/10/D10.9.opt,42781, 42781, 0.001846, 44907, 0.023355, 43054, 0.021526, 44907, 0.003345,43054, 0.004454
../Test/BildeKrarup/Dq/1/D1.1.opt,14190, 14820, 0.004482, 15418, 0.017303, 14555, 0.014362, 15618, 0.005119,14546, 0.00579
../Test/BildeKrarup/Dq/1/D1.10.opt,14634, 15168, 0.00347, 15643, 0.019079, 15091, 0.014925, 16406, 0.006765,15557, 0.006796
../Test/BildeKrarup/Dq/1/D1.2.opt,14293, 14439, 0.003722, 15440, 0.015656, 14723, 0.015461, 15632, 0.005829,14729, 0.005357
../Test/BildeKrarup/Dq/1/D1.3.opt,14252, 14518, 0.004002, 14895, 0.016463, 14580, 0.016034, 14895, 0.00508,14580, 0.005531
../Test/BildeKrarup/Dq/1/D1.4.opt,13209, 13209, 0.003522, 13963, 0.01836, 13260, 0.014854, 13963, 0.005742,13608, 0.004881
../Test/BildeKrarup/Dq/1/D1.5.opt,12166, 12166, 0.003646, 12490, 0.018317, 12573, 0.015932, 12490, 0.005038,12573, 0.00483
../Test/BildeKrarup/Dq/1/D1.6.opt,13893, 14377, 0.003692, 14904, 0.018741, 14179, 0.016736, 14693, 0.005545,14179, 0.004386
../Test/BildeKrarup/Dq/1/D1.7.opt,13844, 14189, 0.003713, 15093, 0.016645, 14076, 0.017606, 15022, 0.005063,14076, 0.005909
../Test/BildeKrarup/Dq/1/D1.8.opt,13350, 14201, 0.003849, 13946, 0.015625, 13846, 0.016164, 13946, 0.006294,13901, 0.005209
../Test/BildeKrarup/Dq/1/D1.9.opt,14055, 14055, 0.00425, 14935, 0.018765, 14373, 0.014186, 15398, 0.005733,14594, 0.005983
../Test/BildeKrarup/Dq/2/D2.1.opt,18312, 18312, 0.003086, 20632, 0.019961, 18312, 0.017511, 20632, 0.004636,18312, 0.003919
../Test/BildeKrarup/Dq/2/D2.10.opt,18759, 18841, 0.002395, 20374, 0.0198, 19141, 0.021099, 20374, 0.004834,19203, 0.005526
../Test/BildeKrarup/Dq/2/D2.2.opt,19208, 19529, 0.002917, 21234, 0.019665, 19439, 0.017621, 21234, 0.004842,19439, 0.005684
../Test/BildeKrarup/Dq/2/D2.3.opt,19590, 19678, 0.003301, 19980, 0.017206, 19860, 0.018183, 19980, 0.004682,21012, 0.005159
../Test/BildeKrarup/Dq/2/D2.4.opt,18901, 18901, 0.00268, 20790, 0.015637, 19041, 0.018274, 20790, 0.005105,19041, 0.004765
../Test/BildeKrarup/Dq/2/D2.5.opt,19443, 19443, 0.003043, 20582, 0.019401, 19789, 0.0162, 20582, 0.005259,20105, 0.005914
../Test/BildeKrarup/Dq/2/D2.6.opt,19891, 20036, 0.003207, 22254, 0.021185, 20224, 0.019246, 22254, 0.005188,20224, 0.005475
../Test/BildeKrarup/Dq/2/D2.7.opt,19253, 19829, 0.003123, 19741, 0.020089, 19898, 0.019193, 19741, 0.004674,19898, 0.005037
../Test/BildeKrarup/Dq/2/D2.8.opt,19331, 19731, 0.003302, 22236, 0.019884, 19852, 0.01347, 22236, 0.004873,19852, 0.005798
../Test/BildeKrarup/Dq/2/D2.9.opt,18151, 18245, 0.002746, 19356, 0.016812, 18494, 0.01451, 19356, 0.004758,18769, 0.005305
../Test/BildeKrarup/Dq/3/D3.1.opt,23729, 24030, 0.002626, 25240, 0.021748, 24276, 0.015203, 25240, 0.005417,24276, 0.005611
../Test/BildeKrarup/Dq/3/D3.10.opt,22341, 23327, 0.002693, 25887, 0.022595, 23144, 0.015394, 25887, 0.004432,22341, 0.004756
../Test/BildeKrarup/Dq/3/D3.2.opt,23915, 24104, 0.002873, 27271, 0.02448, 24424, 0.018715, 25752, 0.005262,24942, 0.004918
../Test/BildeKrarup/Dq/3/D3.3.opt,23416, 23416, 0.003067, 23507, 0.020999, 24446, 0.01898, 23507, 0.004267,23477, 0.004403
../Test/BildeKrarup/Dq/3/D3.4.opt,22636, 23965, 0.002736, 23978, 0.022913, 23157, 0.017953, 23978, 0.00463,23157, 0.004847
../Test/BildeKrarup/Dq/3/D3.5.opt,23571, 25332, 0.002862, 24474, 0.021633, 23571, 0.015639, 24474, 0.004607,23571, 0.005161
../Test/BildeKrarup/Dq/3/D3.6.opt,22773, 23704, 0.002632, 23512, 0.020345, 23511, 0.01788, 23512, 0.005641,23511, 0.005803
../Test/BildeKrarup/Dq/3/D3.7.opt,23019, 23019, 0.002173, 23019, 0.018766, 23610, 0.0173, 23019, 0.004273,23610, 0.005632
../Test/BildeKrarup/Dq/3/D3.8.opt,23385, 23385, 0.00246, 27395, 0.023788, 24226, 0.018616, 24224, 0.004044,24226, 0.004387
../Test/BildeKrarup/Dq/3/D3.9.opt,24304, 24809, 0.002611, 25157, 0.022186, 24775, 0.018854, 25564, 0.005367,24775, 0.005328
../Test/BildeKrarup/Dq/4/D4.1.opt,27412, 27871, 0.002304, 30987, 0.022491, 27431, 0.021155, 30987, 0.004688,27431, 0.005079
../Test/BildeKrarup/Dq/4/D4.10.opt,25261, 25261, 0.002426, 27884, 0.021538, 25261, 0.019574, 27884, 0.004565,25261, 0.003644
../Test/BildeKrarup/Dq/4/D4.2.opt,26652, 26652, 0.002203, 28722, 0.022785, 26850, 0.01811, 28722, 0.004332,27150, 0.005155
../Test/BildeKrarup/Dq/4/D4.3.opt,27091, 27091, 0.002099, 30661, 0.020898, 27313, 0.020055, 30661, 0.004679,27313, 0.00494
../Test/BildeKrarup/Dq/4/D4.4.opt,28150, 28320, 0.002208, 31658, 0.021571, 28419, 0.019539, 31658, 0.004627,28678, 0.005041
../Test/BildeKrarup/Dq/4/D4.5.opt,26014, 26014, 0.002288, 28497, 0.023112, 26014, 0.020839, 29236, 0.004244,26014, 0.004584
../Test/BildeKrarup/Dq/4/D4.6.opt,26576, 26590, 0.002405, 27898, 0.024779, 27446, 0.019272, 27898, 0.004365,27446, 0.005187
../Test/BildeKrarup/Dq/4/D4.7.opt,25724, 25724, 0.00221, 28939, 0.022, 25724, 0.019528, 28794, 0.004249,26292, 0.004429
../Test/BildeKrarup/Dq/4/D4.8.opt,27658, 27889, 0.002333, 30773, 0.023271, 27700, 0.01762, 30196, 0.004092,27700, 0.004937
../Test/BildeKrarup/Dq/4/D4.9.opt,26151, 26660, 0.002067, 28747, 0.018162, 26660, 0.02088, 28747, 0.00402,26660, 0.004672
../Test/BildeKrarup/Dq/5/D5.1.opt,30338, 30338, 0.001942, 31842, 0.018553, 30829, 0.018433, 31842, 0.004363,30829, 0.004727
../Test/BildeKrarup/Dq/5/D5.10.opt,29233, 29233, 0.001422, 29233, 0.021769, 29233, 0.021774, 29233, 0.003712,29233, 0.00408
../Test/BildeKrarup/Dq/5/D5.2.opt,30428, 31383, 0.002089, 32643, 0.019221, 30428, 0.018223, 32643, 0.003973,32354, 0.004939
../Test/BildeKrarup/Dq/5/D5.3.opt,30082, 30382, 0.002504, 31413, 0.024247, 30101, 0.015015, 31413, 0.00427,30101, 0.004702
../Test/BildeKrarup/Dq/5/D5.4.opt,29505, 29879, 0.002131, 31379, 0.020013, 29879, 0.019858, 31379, 0.004306,30032, 0.004434
../Test/BildeKrarup/Dq/5/D5.5.opt,30518, 30823, 0.002449, 32978, 0.023778, 30736, 0.017806, 32978, 0.004261,30736, 0.004515
../Test/BildeKrarup/Dq/5/D5.6.opt,27784, 27784, 0.001711, 27784, 0.023708, 28497, 0.021328, 27784, 0.004026,28497, 0.003923
../Test/BildeKrarup/Dq/5/D5.7.opt,30674, 30674, 0.002117, 32205, 0.020558, 30674, 0.018112, 32205, 0.004185,30674, 0.004889
../Test/BildeKrarup/Dq/5/D5.8.opt,29708, 29708, 0.001542, 29708, 0.02391, 29708, 0.018903, 29708, 0.003855,30381, 0.004549
../Test/BildeKrarup/Dq/5/D5.9.opt,30147, 30168, 0.002157, 30565, 0.026859, 30220, 0.017642, 32380, 0.003351,31993, 0.005078
../Test/BildeKrarup/Dq/6/D6.1.opt,31823, 31823, 0.001569, 32187, 0.025627, 32187, 0.024296, 32187, 0.003666,32187, 0.004363
../Test/BildeKrarup/Dq/6/D6.10.opt,34466, 34466, 0.002215, 35455, 0.022316, 34466, 0.018572, 35455, 0.004371,34466, 0.004248
../Test/BildeKrarup/Dq/6/D6.2.opt,33520, 33520, 0.001572, 33520, 0.026326, 33757, 0.021619, 33520, 0.004057,33757, 0.00417
../Test/BildeKrarup/Dq/6/D6.3.opt,32119, 32297, 0.002144, 33162, 0.023229, 32491, 0.019405, 33162, 0.004177,32491, 0.005085
../Test/BildeKrarup/Dq/6/D6.4.opt,32896, 33281, 0.002023, 33665, 0.025037, 33761, 0.020135, 33665, 0.003431,33761, 0.004084
../Test/BildeKrarup/Dq/6/D6.5.opt,32999, 33828, 0.002122, 34237, 0.023408, 32999, 0.017529, 34237, 0.004154,32999, 0.003871
../Test/BildeKrarup/Dq/6/D6.6.opt,33084, 33502, 0.002173, 34066, 0.02388, 34066, 0.02265, 40581, 0.004187,34454, 0.004728
../Test/BildeKrarup/Dq/6/D6.7.opt,32222, 33175, 0.00214, 34015, 0.024573, 32506, 0.020271, 34015, 0.003793,35459, 0.004872
../Test/BildeKrarup/Dq/6/D6.8.opt,33449, 33481, 0.001614, 33481, 0.026506, 33481, 0.020604, 33481, 0.003674,33481, 0.004647
../Test/BildeKrarup/Dq/6/D6.9.opt,32876, 33086, 0.002094, 33242, 0.022728, 33152, 0.020847, 33242, 0.004509,33152, 0.004718
../Test/BildeKrarup/Dq/7/D7.1.opt,34183, 34183, 0.001636, 34183, 0.025247, 34549, 0.021437, 34183, 0.003531,36295, 0.004826
../Test/BildeKrarup/Dq/7/D7.10.opt,34227, 34227, 0.001852, 34227, 0.027266, 36000, 0.022783, 38763, 0.00438,36277, 0.005162
../Test/BildeKrarup/Dq/7/D7.2.opt,35534, 35534, 0.001533, 42383, 0.029036, 36147, 0.023785, 42383, 0.004151,36147, 0.004463
../Test/BildeKrarup/Dq/7/D7.3.opt,34937, 34937, 0.001754, 39812, 0.026311, 35382, 0.022731, 39812, 0.003431,35382, 0.004133
../Test/BildeKrarup/Dq/7/D7.4.opt,36580, 36580, 0.00176, 43496, 0.026019, 36580, 0.022127, 43496, 0.003681,36580, 0.004518
../Test/BildeKrarup/Dq/7/D7.5.opt,32942, 32942, 0.001772, 39058, 0.031037, 33040, 0.022075, 39058, 0.003802,33040, 0.00432
../Test/BildeKrarup/Dq/7/D7.6.opt,36235, 36235, 0.001685, 41042, 0.026348, 36834, 0.023371, 41042, 0.004109,36834, 0.004644
../Test/BildeKrarup/Dq/7/D7.7.opt,35007, 35007, 0.001627, 39764, 0.029457, 35308, 0.026259, 39764, 0.003643,35308, 0.004458
../Test/BildeKrarup/Dq/7/D7.8.opt,33132, 33132, 0.001817, 38306, 0.029366, 34193, 0.027441, 38306, 0.003411,34193, 0.004274
../Test/BildeKrarup/Dq/7/D7.9.opt,34966, 35493, 0.001662, 42403, 0.029819, 35821, 0.021211, 42403, 0.003939,35821, 0.00486
../Test/BildeKrarup/Dq/8/D8.1.opt,36710, 36941, 0.001608, 42219, 0.030056, 36941, 0.021178, 42219, 0.003674,36941, 0.004134
../Test/BildeKrarup/Dq/8/D8.10.opt,37043, 38679, 0.00181, 43540, 0.030373, 38472, 0.019687, 43540, 0.003337,38472, 0.004239
../Test/BildeKrarup/Dq/8/D8.2.opt,37050, 37050, 0.001716, 42989, 0.029877, 37050, 0.01898, 42989, 0.003481,37050, 0.003935
../Test/BildeKrarup/Dq/8/D8.3.opt,37384, 38004, 0.001806, 42853, 0.027953, 38211, 0.021983, 42853, 0.003201,38536, 0.00443
../Test/BildeKrarup/Dq/8/D8.4.opt,36968, 37453, 0.001662, 41439, 0.028469, 37453, 0.025363, 41439, 0.003238,37453, 0.004244
../Test/BildeKrarup/Dq/8/D8.5.opt,38294, 40001, 0.001837, 46272, 0.029409, 38294, 0.01963, 46272, 0.004057,38294, 0.004477
../Test/BildeKrarup/Dq/8/D8.6.opt,37606, 38265, 0.001653, 44110, 0.027885, 37606, 0.02381, 44110, 0.004099,37606, 0.004506
../Test/BildeKrarup/Dq/8/D8.7.opt,37361, 37920, 0.001595, 42980, 0.029905, 37861, 0.023003, 42980, 0.003298,37861, 0.004399
../Test/BildeKrarup/Dq/8/D8.8.opt,36208, 36208, 0.001741, 41284, 0.026443, 36208, 0.02088, 41284, 0.003155,36208, 0.00467
../Test/BildeKrarup/Dq/8/D8.9.opt,37446, 37446, 0.001582, 43051, 0.02787, 39887, 0.022065, 43051, 0.003251,39887, 0.005058
../Test/BildeKrarup/Dq/9/D9.1.opt,40917, 40917, 0.001886, 45777, 0.03071, 40917, 0.021786, 45777, 0.003411,45636, 0.004407
../Test/BildeKrarup/Dq/9/D9.10.opt,39310, 40048, 0.001776, 44120, 0.026707, 39310, 0.020498, 44120, 0.003458,39310, 0.004229
../Test/BildeKrarup/Dq/9/D9.2.opt,38258, 38258, 0.001628, 41909, 0.028434, 38258, 0.024523, 41909, 0.003156,38258, 0.004274
../Test/BildeKrarup/Dq/9/D9.3.opt,39293, 39293, 0.001549, 44314, 0.02684, 39704, 0.021004, 44314, 0.003435,39704, 0.004544
../Test/BildeKrarup/Dq/9/D9.4.opt,39939, 40462, 0.001577, 43236, 0.027313, 39939, 0.021412, 43236, 0.003276,39939, 0.00415
../Test/BildeKrarup/Dq/9/D9.5.opt,39360, 39360, 0.001529, 41410, 0.026758, 39602, 0.025782, 41410, 0.003234,39602, 0.004457
../Test/BildeKrarup/Dq/9/D9.6.opt,39457, 40271, 0.001716, 45600, 0.029279, 39457, 0.023329, 45600, 0.003389,39457, 0.004157
../Test/BildeKrarup/Dq/9/D9.7.opt,38540, 40059, 0.001728, 44703, 0.029065, 38540, 0.022438, 44703, 0.003304,38540, 0.004263
../Test/BildeKrarup/Dq/9/D9.8.opt,40725, 40923, 0.001824, 45286, 0.029711, 40725, 0.020487, 45286, 0.0032,40773, 0.004345
../Test/BildeKrarup/Dq/9/D9.9.opt,38191, 38191, 0.001789, 43724, 0.026949, 40786, 0.021131, 50915, 0.003907,40786, 0.004562
../Test/BildeKrarup/Eq/10/E10.1.opt,46832, 47462, 0.005592, 54859, 0.101959, 47462, 0.077412, 54859, 0.00903,47462, 0.010729
../Test/BildeKrarup/Eq/10/E10.10.opt,47449, 47519, 0.005778, 55026, 0.103465, 48146, 0.066388, 55026, 0.008505,48146, 0.010008
../Test/BildeKrarup/Eq/10/E10.2.opt,47612, 47919, 0.005625, 55625, 0.110484, 48817, 0.075864, 55625, 0.008964,48817, 0.011111
../Test/BildeKrarup/Eq/10/E10.3.opt,45658, 46595, 0.005338, 54688, 0.095338, 45658, 0.062029, 54688, 0.00773,45658, 0.009207
../Test/BildeKrarup/Eq/10/E10.4.opt,45852, 46764, 0.005714, 52383, 0.090182, 45852, 0.070721, 52383, 0.007616,45852, 0.01042
../Test/BildeKrarup/Eq/10/E10.5.opt,47652, 47652, 0.005299, 54832, 0.097315, 47652, 0.067729, 54832, 0.007819,51347, 0.010761
../Test/BildeKrarup/Eq/10/E10.6.opt,45955, 45955, 0.005561, 52102, 0.10279, 46474, 0.091067, 52102, 0.008377,46474, 0.011218
../Test/BildeKrarup/Eq/10/E10.7.opt,46391, 46391, 0.005968, 53220, 0.101646, 46884, 0.086045, 53220, 0.007953,46884, 0.010764
../Test/BildeKrarup/Eq/10/E10.8.opt,46678, 46678, 0.005468, 53934, 0.093056, 46678, 0.071241, 53934, 0.008136,51765, 0.01016
../Test/BildeKrarup/Eq/10/E10.9.opt,47415, 47515, 0.005741, 54243, 0.107727, 47515, 0.072286, 54243, 0.008814,47515, 0.010306
../Test/BildeKrarup/Eq/1/E1.1.opt,15042, 15774, 0.01223, 16043, 0.061976, 15448, 0.060162, 16043, 0.013306,15813, 0.01267
../Test/BildeKrarup/Eq/1/E1.10.opt,14630, 14910, 0.014178, 15224, 0.04512, 14973, 0.054697, 15514, 0.014356,15571, 0.017054
../Test/BildeKrarup/Eq/1/E1.2.opt,14459, 14697, 0.014251, 14945, 0.066347, 15178, 0.064987, 14945, 0.013408,15178, 0.016992
../Test/BildeKrarup/Eq/1/E1.3.opt,15159, 15383, 0.015828, 16673, 0.056205, 15607, 0.056163, 16330, 0.013955,16121, 0.017346
../Test/BildeKrarup/Eq/1/E1.4.opt,14074, 14236, 0.012299, 15200, 0.059473, 14328, 0.058125, 15200, 0.012128,14328, 0.013691
../Test/BildeKrarup/Eq/1/E1.5.opt,14457, 14631, 0.012271, 15449, 0.061353, 14787, 0.064443, 15449, 0.012455,14916, 0.013687
../Test/BildeKrarup/Eq/1/E1.6.opt,14426, 15017, 0.015092, 15282, 0.053565, 14426, 0.061239, 15282, 0.011614,14800, 0.014908
../Test/BildeKrarup/Eq/1/E1.7.opt,14242, 14913, 0.016064, 16375, 0.066096, 14876, 0.061301, 15152, 0.012979,15054, 0.01244
../Test/BildeKrarup/Eq/1/E1.8.opt,14181, 14766, 0.013754, 15293, 0.066481, 14342, 0.060732, 15293, 0.012391,14342, 0.013704
../Test/BildeKrarup/Eq/1/E1.9.opt,14537, 15150, 0.013359, 14827, 0.06221, 14537, 0.061537, 14827, 0.01117,15303, 0.013374
../Test/BildeKrarup/Eq/2/E2.1.opt,21410, 21853, 0.010683, 21816, 0.063259, 21435, 0.057685, 23640, 0.012101,21435, 0.014082
../Test/BildeKrarup/Eq/2/E2.10.opt,21667, 22247, 0.011688, 23719, 0.064815, 21667, 0.04743, 23275, 0.012058,21667, 0.011234
../Test/BildeKrarup/Eq/2/E2.2.opt,20740, 20740, 0.010019, 23072, 0.066749, 21314, 0.059373, 22696, 0.010388,21314, 0.014145
../Test/BildeKrarup/Eq/2/E2.3.opt,20696, 20862, 0.012573, 22463, 0.061201, 21268, 0.052893, 22463, 0.013332,21268, 0.015625
../Test/BildeKrarup/Eq/2/E2.4.opt,21544, 22366, 0.010693, 23325, 0.060052, 21851, 0.068769, 23325, 0.013195,22624, 0.01641
../Test/BildeKrarup/Eq/2/E2.5.opt,20796, 20945, 0.011093, 21486, 0.068962, 21163, 0.065582, 22071, 0.01238,21163, 0.013602
../Test/BildeKrarup/Eq/2/E2.6.opt,21310, 21798, 0.01033, 23249, 0.07387, 21761, 0.060004, 22294, 0.012955,22100, 0.013057
../Test/BildeKrarup/Eq/2/E2.7.opt,20975, 21880, 0.011157, 22100, 0.065586, 20975, 0.061669, 22386, 0.011957,21295, 0.011718
../Test/BildeKrarup/Eq/2/E2.8.opt,21480, 22307, 0.010817, 22788, 0.065714, 22046, 0.048691, 22788, 0.01262,23487, 0.013781
../Test/BildeKrarup/Eq/2/E2.9.opt,21287, 21313, 0.011352, 22250, 0.073286, 21907, 0.067226, 22250, 0.011042,22235, 0.015685
../Test/BildeKrarup/Eq/3/E3.1.opt,25486, 25610, 0.009332, 26839, 0.070667, 25486, 0.064215, 26839, 0.011377,26551, 0.012728
../Test/BildeKrarup/Eq/3/E3.10.opt,25390, 25390, 0.009137, 27069, 0.064009, 25659, 0.070258, 27069, 0.0117,26947, 0.011623
../Test/BildeKrarup/Eq/3/E3.2.opt,25947, 26445, 0.008813, 27743, 0.068594, 26529, 0.068295, 27743, 0.011879,26377, 0.013032
../Test/BildeKrarup/Eq/3/E3.3.opt,25739, 26595, 0.010827, 26672, 0.061098, 25739, 0.056571, 29116, 0.012278,25739, 0.012113
../Test/BildeKrarup/Eq/3/E3.4.opt,26286, 26451, 0.008222, 27851, 0.064734, 27047, 0.065852, 27892, 0.012336,27056, 0.013254
../Test/BildeKrarup/Eq/3/E3.5.opt,25984, 27614, 0.01108, 27610, 0.071773, 27149, 0.061028, 27610, 0.012844,27149, 0.015158
../Test/BildeKrarup/Eq/3/E3.6.opt,25337, 26867, 0.010782, 27029, 0.078344, 25673, 0.070226, 27029, 0.012281,25673, 0.014218
../Test/BildeKrarup/Eq/3/E3.7.opt,26055, 26363, 0.009613, 27398, 0.072733, 26361, 0.061967, 27398, 0.011517,26361, 0.012601
../Test/BildeKrarup/Eq/3/E3.8.opt,25490, 26752, 0.00981, 27338, 0.069667, 25994, 0.067341, 27338, 0.012506,25994, 0.013526
../Test/BildeKrarup/Eq/3/E3.9.opt,25558, 26638, 0.010364, 27911, 0.07897, 25798, 0.068553, 27911, 0.011871,25798, 0.011643
../Test/BildeKrarup/Eq/4/E4.1.opt,30417, 30417, 0.008715, 31932, 0.060386, 30859, 0.069689, 31932, 0.009768,31829, 0.013122
../Test/BildeKrarup/Eq/4/E4.10.opt,28481, 28910, 0.00893, 33931, 0.07945, 28910, 0.064801, 33931, 0.011209,28910, 0.011991
../Test/BildeKrarup/Eq/4/E4.2.opt,28047, 28047, 0.008397, 28241, 0.084413, 28047, 0.064766, 28241, 0.011024,28047, 0.011425
../Test/BildeKrarup/Eq/4/E4.3.opt,28650, 28650, 0.008633, 29529, 0.073737, 28650, 0.062463, 29529, 0.009752,29387, 0.012053
../Test/BildeKrarup/Eq/4/E4.4.opt,29372, 29372, 0.009312, 29934, 0.069636, 29939, 0.064591, 29934, 0.010282,29939, 0.011826
../Test/BildeKrarup/Eq/4/E4.5.opt,29850, 30768, 0.007275, 30738, 0.072384, 30959, 0.074011, 30738, 0.012648,30959, 0.012844
../Test/BildeKrarup/Eq/4/E4.6.opt,29941, 30320, 0.00887, 29941, 0.076137, 29941, 0.064767, 29941, 0.010368,29941, 0.011795
../Test/BildeKrarup/Eq/4/E4.7.opt,30329, 31019, 0.009091, 31845, 0.079326, 30548, 0.060446, 32470, 0.012632,31250, 0.014302
../Test/BildeKrarup/Eq/4/E4.8.opt,29952, 30036, 0.009318, 30117, 0.074108, 30218, 0.064939, 30117, 0.009148,30593, 0.012994
../Test/BildeKrarup/Eq/4/E4.9.opt,29542, 29542, 0.009394, 31231, 0.074209, 30045, 0.064662, 31231, 0.012936,30045, 0.013213
../Test/BildeKrarup/Eq/5/E5.1.opt,32377, 33326, 0.007322, 36148, 0.081886, 32377, 0.060515, 36148, 0.010703,32377, 0.011896
../Test/BildeKrarup/Eq/5/E5.10.opt,34086, 35110, 0.007521, 37744, 0.088193, 34446, 0.067056, 37744, 0.010779,34446, 0.012298
../Test/BildeKrarup/Eq/5/E5.2.opt,32208, 32208, 0.00717, 36178, 0.083188, 32894, 0.069588, 36178, 0.010757,32894, 0.010615
../Test/BildeKrarup/Eq/5/E5.3.opt,33874, 33874, 0.007543, 36308, 0.080077, 34975, 0.059078, 36308, 0.010427,36282, 0.012521
../Test/BildeKrarup/Eq/5/E5.4.opt,32571, 33342, 0.006896, 35394, 0.082801, 33748, 0.078711, 35394, 0.010292,33748, 0.012481
../Test/BildeKrarup/Eq/5/E5.5.opt,33625, 34815, 0.007715, 36202, 0.078179, 35077, 0.072434, 36202, 0.010096,35077, 0.010812
../Test/BildeKrarup/Eq/5/E5.6.opt,33194, 34326, 0.007816, 36122, 0.083441, 34832, 0.075441, 36122, 0.010573,34832, 0.013707
../Test/BildeKrarup/Eq/5/E5.7.opt,31629, 31629, 0.007469, 34067, 0.085955, 32021, 0.058783, 35628, 0.011457,32021, 0.011083
../Test/BildeKrarup/Eq/5/E5.8.opt,33251, 34781, 0.007816, 37691, 0.078271, 33419, 0.064773, 36618, 0.011342,33419, 0.011843
../Test/BildeKrarup/Eq/5/E5.9.opt,33796, 34736, 0.007466, 36938, 0.069807, 35334, 0.065067, 36938, 0.010175,35334, 0.012473
../Test/BildeKrarup/Eq/6/E6.1.opt,36033, 36557, 0.007605, 38093, 0.070946, 36566, 0.071688, 38093, 0.010468,37956, 0.012253
../Test/BildeKrarup/Eq/6/E6.10.opt,37144, 37378, 0.007477, 39213, 0.072593, 37936, 0.06209, 39213, 0.010653,37936, 0.011266
../Test/BildeKrarup/Eq/6/E6.2.opt,36441, 38117, 0.007656, 38305, 0.084867, 36441, 0.06703, 38305, 0.010334,36441, 0.011797
../Test/BildeKrarup/Eq/6/E6.3.opt,36554, 37318, 0.00699, 40299, 0.077877, 36554, 0.057728, 40299, 0.011099,36554, 0.011881
../Test/BildeKrarup/Eq/6/E6.4.opt,36868, 37456, 0.008068, 39870, 0.080498, 38833, 0.072668, 39870, 0.010942,38833, 0.013464
../Test/BildeKrarup/Eq/6/E6.5.opt,35591, 35591, 0.006095, 35591, 0.086216, 35607, 0.078965, 35591, 0.007602,35607, 0.010413
../Test/BildeKrarup/Eq/6/E6.6.opt,36404, 37087, 0.007478, 40019, 0.075859, 36404, 0.05952, 40019, 0.011021,36404, 0.011968
../Test/BildeKrarup/Eq/6/E6.7.opt,37872, 39111, 0.007333, 40637, 0.073952, 38422, 0.062836, 40637, 0.010703,38722, 0.012391
../Test/BildeKrarup/Eq/6/E6.8.opt,35751, 35751, 0.007023, 36966, 0.080307, 35770, 0.078311, 36966, 0.010233,35770, 0.010756
../Test/BildeKrarup/Eq/6/E6.9.opt,36235, 36235, 0.00683, 37945, 0.076184, 36235, 0.068691, 37945, 0.010472,36235, 0.011882
../Test/BildeKrarup/Eq/7/E7.1.opt,39901, 39901, 0.007374, 41515, 0.079813, 39901, 0.063796, 41515, 0.010592,45083, 0.011295
../Test/BildeKrarup/Eq/7/E7.10.opt,40013, 40590, 0.007676, 41745, 0.078484, 40870, 0.066574, 41745, 0.010547,40870, 0.012571
../Test/BildeKrarup/Eq/7/E7.2.opt,39737, 40590, 0.007181, 40786, 0.084604, 39737, 0.068776, 40786, 0.010372,39737, 0.011695
../Test/BildeKrarup/Eq/7/E7.3.opt,38669, 38818, 0.00734, 39167, 0.080203, 38669, 0.064776, 39167, 0.00967,38669, 0.012092
../Test/BildeKrarup/Eq/7/E7.4.opt,39919, 39919, 0.007461, 40487, 0.079341, 40317, 0.07099, 40487, 0.010768,40317, 0.010224
../Test/BildeKrarup/Eq/7/E7.5.opt,40706, 41083, 0.007597, 41934, 0.082638, 41083, 0.061734, 41934, 0.010193,41083, 0.011409
../Test/BildeKrarup/Eq/7/E7.6.opt,39121, 39325, 0.007191, 40117, 0.082723, 39703, 0.077246, 40117, 0.010705,39703, 0.012549
../Test/BildeKrarup/Eq/7/E7.7.opt,38845, 38845, 0.007256, 39860, 0.075832, 38845, 0.079718, 39860, 0.009959,38845, 0.010295
../Test/BildeKrarup/Eq/7/E7.8.opt,38636, 38636, 0.007281, 38903, 0.076047, 38636, 0.075406, 38903, 0.009994,38636, 0.009227
../Test/BildeKrarup/Eq/7/E7.9.opt,39092, 39092, 0.007058, 39936, 0.082918, 39890, 0.073438, 39936, 0.01062,39890, 0.011215
../Test/BildeKrarup/Eq/8/E8.1.opt,41421, 41940, 0.007476, 41421, 0.083003, 42558, 0.076769, 41421, 0.008164,42558, 0.010555
../Test/BildeKrarup/Eq/8/E8.10.opt,41308, 42107, 0.005502, 42107, 0.097122, 42107, 0.080056, 42107, 0.009509,42239, 0.010702
../Test/BildeKrarup/Eq/8/E8.2.opt,42640, 42640, 0.005442, 42640, 0.093881, 43396, 0.074004, 42640, 0.00868,43396, 0.011955
../Test/BildeKrarup/Eq/8/E8.3.opt,41027, 41928, 0.006978, 42193, 0.078378, 41928, 0.082522, 42193, 0.011345,41928, 0.011161
../Test/BildeKrarup/Eq/8/E8.4.opt,41841, 42664, 0.006132, 41863, 0.088592, 41863, 0.068841, 41863, 0.011726,41863, 0.011915
../Test/BildeKrarup/Eq/8/E8.5.opt,42487, 42547, 0.007602, 42784, 0.088281, 42487, 0.067505, 42784, 0.01049,42547, 0.010932
../Test/BildeKrarup/Eq/8/E8.6.opt,41994, 41994, 0.005762, 42057, 0.080207, 42057, 0.076141, 42057, 0.0099,42057, 0.010711
../Test/BildeKrarup/Eq/8/E8.7.opt,42574, 43205, 0.00589, 43369, 0.087817, 43086, 0.075979, 43369, 0.011158,43086, 0.010994
../Test/BildeKrarup/Eq/8/E8.8.opt,41415, 42568, 0.006331, 42568, 0.095657, 42568, 0.074461, 42568, 0.012134,45391, 0.012886
../Test/BildeKrarup/Eq/8/E8.9.opt,43772, 43772, 0.007356, 44594, 0.091401, 44605, 0.079463, 44594, 0.010967,44605, 0.011824
../Test/BildeKrarup/Eq/9/E9.1.opt,45048, 45409, 0.005844, 45409, 0.099353, 45446, 0.075753, 45409, 0.009671,45446, 0.010546
../Test/BildeKrarup/Eq/9/E9.10.opt,44162, 44913, 0.005842, 52650, 0.109027, 44162, 0.080171, 52650, 0.010012,45454, 0.012273
../Test/BildeKrarup/Eq/9/E9.2.opt,45152, 45152, 0.006046, 54446, 0.107135, 46376, 0.081422, 54446, 0.01032,46376, 0.011382
../Test/BildeKrarup/Eq/9/E9.3.opt,44688, 44688, 0.005816, 50537, 0.09976, 44892, 0.079916, 50537, 0.009173,44892, 0.011309
../Test/BildeKrarup/Eq/9/E9.4.opt,43775, 43775, 0.005783, 49558, 0.097922, 44477, 0.084621, 49558, 0.008229,44477, 0.01134
../Test/BildeKrarup/Eq/9/E9.5.opt,44333, 45216, 0.00577, 51675, 0.094331, 45360, 0.082556, 51675, 0.00983,45360, 0.011317
../Test/BildeKrarup/Eq/9/E9.6.opt,42443, 43649, 0.006362, 50373, 0.102423, 42443, 0.077248, 50373, 0.008923,42443, 0.010182
../Test/BildeKrarup/Eq/9/E9.7.opt,44245, 44245, 0.00578, 44245, 0.107722, 45153, 0.086549, 44245, 0.010191,45153, 0.012544
../Test/BildeKrarup/Eq/9/E9.8.opt,45684, 46712, 0.005736, 53735, 0.096727, 45684, 0.074376, 53735, 0.009777,48948, 0.011444
../Test/BildeKrarup/Eq/9/E9.9.opt,44634, 44634, 0.005612, 51742, 0.104961, 45661, 0.077017, 51742, 0.009429,45661, 0.010895
